[100, 0, 0.5385264341957255), (200, 0, 0.552506829503455), (500, 0, 0.5626707375863731), (1000, 0, 0.5890245862124377), (1500, 0, 0.5947292302747871), (2000, 0, 0.6024023782741443), (2500, 0, 0.582596818254861)]
[(3000, 0, 0.5576892174192511), (3500, 0, 0.5634340350313354), (4000, 0, 0.5746424554073598), (4500, 0, 0.5683352080989876), (5000, 0, 0.5750040173549735), (5500, 0, 0.585368793186566)]

[(3000, 100, 0.58781937972039211), (3000, 200, 0.59661738711232526), (3000, 500, 0.63610798650168732), (3000, 1000, 0.6471958862285071), (3000, 1500, 0.61602121163426005), (3000, 2000, 0.62377470673308688), (3000, 2500, 0.65278000964165195),(3000,3000,0.6871685682146874), (3000,4000,0.6539852161336975)]

[(500, 6000, 0.6271894584605495),(500, 10000,0.6033665434677808)]

[(3000, 3000, 3000, 3000, 0.5179977502812149), (3000, 3000, 3000, 4000, 0.5762092238470191)]

[(3000, 3000, 3000, 0.6367909368471798), (3000, 3000, 4000, 0.54897155712678769), (3000, 3000, 5000, 0.69435963361722641)]

[(3000, 3500, 0.6311264663345654), (3000, 4000, 0.6080668487867588), (3000, 4500, 0.5943274947774385)]

[(4000, 3000, 0.59697894905993898), (4000, 4000, 0.61855214526755586), (4000, 5000, 0.65294070384059133)]

